$ 1 0.000005 10.20027730826997 50 5 43
r 96 64 96 160 0 1000000
154 176 176 272 176 0 2 0 3.3
154 368 160 448 160 0 2 3.3 3.3
r 272 176 352 176 0 10000
r 272 80 352 80 0 10000
c 352 176 352 304 0 1.0000000000000001e-7 2.5417191542960542e-113
w 272 176 272 80 0
w 352 80 480 80 0
w 448 160 480 160 0
w 352 176 368 176 0
w 368 144 368 128 0
w 368 128 176 128 0
w 176 128 176 160 0
w 96 160 176 160 0
w 176 192 64 192 0
w 64 192 64 64 0
w 64 64 96 64 0
w 96 64 96 16 0
w 96 160 96 208 0
w 96 272 96 304 0
R 96 16 96 -32 0 0 40 3.3 0 0 0.5
g 96 304 96 336 0
g 352 304 352 336 0
162 480 80 528 80 2 default-led 1 0 0 0.01
162 480 160 528 160 2 default-led 1 0 0 0.01
s 96 208 96 272 0 1 true
368 528 80 576 80 0 0
368 528 160 576 160 0 0
38 0 0 1 1000 Resistance
